4675.13082332
3505.84416406
3448.22434684
3424.99943093
3408.46096488
3395.76799958
3385.50167627
3375.6774881
3366.1521234
3357.28696207
3349.18135659
3341.07472374
3335.20540402
3330.65815285
3326.76541949
3322.93194759
3319.09001117
3315.10906663
3311.81828954
3308.90611021
3306.00067274
3303.16934965
3300.65483852
3298.26273994
3295.92824035
3293.42781579
3291.00571271
3288.56203612
3286.21683657
3284.0643232
3282.32189392
3280.43651143
3278.48773866
3276.90186292
3275.22855693
3273.88063222
3272.3586715
3270.98507788
3269.61493167
3268.31531759
3267.19648408
3266.36855844
3265.53885795
3264.93037381
3264.22870776
3263.47651805
3262.7074994
3262.00016271
3261.04327694
3259.95868676
3258.64542405
3257.33513444
3256.21422145
3255.18154713
3254.20553513
3253.27234704
3252.33828032
3251.47356378
3250.63528344
3249.92050182
3249.32779326
3248.83373764
3248.32979099
3247.79971203
3247.06208769
3246.11421919
3245.09515826
3244.18667624
3243.28033887
3242.38259088
3241.61172121
3241.08071329
3240.66025116
3240.27082035
3239.92899528
3239.72946948
3239.5522911
3239.32969248
3239.08942617
3238.87028571
3238.74477495
3238.58268767
3238.40678642
3238.20382786
3238.10475451
3238.06429573
3238.01356246
3238.02912961
iter = 88
